# Certified 30-pose full-frame rule for the 3D chair (live-filtered coarsening closure)
# relative poses (g=(perm,signs), t): tile B = g(A) + 2t
(((0, 1, 2), (-1, 1, -1)), (2, -2, 2))
(((0, 1, 2), (-1, 1, -1)), (2, 2, 2))
(((0, 1, 2), (-1, 1, -1)), (3, -1, 3))
(((0, 1, 2), (-1, 1, -1)), (3, 1, 3))
(((0, 1, 2), (1, 1, 1)), (-1, -1, -1))
(((0, 1, 2), (1, 1, 1)), (1, 1, 1))
(((0, 2, 1), (-1, 1, 1)), (4, 0, 0))
(((0, 2, 1), (1, -1, 1)), (0, 4, 0))
(((0, 2, 1), (1, -1, 1)), (1, 3, 1))
(((0, 2, 1), (1, 1, -1)), (-1, -1, 3))
(((0, 2, 1), (1, 1, -1)), (0, 0, 4))
(((1, 0, 2), (-1, 1, 1)), (3, -1, -1))
(((1, 0, 2), (-1, 1, 1)), (4, 0, 0))
(((1, 0, 2), (1, -1, 1)), (0, 4, 0))
(((1, 0, 2), (1, -1, 1)), (1, 3, 1))
(((1, 0, 2), (1, 1, -1)), (0, 0, 4))
(((1, 2, 0), (-1, 1, -1)), (2, 2, 2))
(((1, 2, 0), (-1, 1, -1)), (3, 1, 3))
(((1, 2, 0), (1, -1, -1)), (-2, 2, 2))
(((1, 2, 0), (1, -1, -1)), (-1, 3, 3))
(((2, 0, 1), (-1, -1, 1)), (2, 2, -2))
(((2, 0, 1), (-1, -1, 1)), (3, 3, -1))
(((2, 0, 1), (-1, 1, -1)), (2, 2, 2))
(((2, 0, 1), (-1, 1, -1)), (3, 1, 3))
(((2, 1, 0), (-1, 1, 1)), (0, 0, 0))
(((2, 1, 0), (1, -1, 1)), (-1, 3, -1))
(((2, 1, 0), (1, -1, 1)), (0, 0, 0))
(((2, 1, 0), (1, -1, 1)), (0, 4, 0))
(((2, 1, 0), (1, -1, 1)), (1, 3, 1))
(((2, 1, 0), (1, 1, -1)), (0, 0, 0))

# 14 dead poses (pairwise admissible at supertile level, never extendable):
(((0, 1, 2), (-1, -1, 1)), (2, 2, -2))
(((0, 1, 2), (-1, -1, 1)), (2, 2, 2))
(((0, 1, 2), (1, -1, -1)), (-2, 2, 2))
(((0, 1, 2), (1, -1, -1)), (2, 2, 2))
(((1, 2, 0), (-1, -1, 1)), (2, 2, -2))
(((1, 2, 0), (-1, -1, 1)), (2, 2, 2))
(((1, 2, 0), (-1, 1, -1)), (2, -2, 2))
(((1, 2, 0), (1, -1, -1)), (2, 2, 2))
(((2, 0, 1), (-1, -1, 1)), (2, 2, 2))
(((2, 0, 1), (-1, 1, -1)), (2, -2, 2))
(((2, 0, 1), (1, -1, -1)), (-2, 2, 2))
(((2, 0, 1), (1, -1, -1)), (2, 2, 2))
(((2, 1, 0), (-1, 1, 1)), (4, 0, 0))
(((2, 1, 0), (1, 1, -1)), (0, 0, 4))

# 93 facet-contact triples (panelA, panelB, g):
(0, 2, ((2, 1, 0), (-1, 1, 1)))
(0, 9, ((0, 1, 2), (1, 1, 1)))
(1, 1, ((2, 1, 0), (1, -1, 1)))
(1, 17, ((0, 1, 2), (1, 1, 1)))
(2, 0, ((2, 1, 0), (1, 1, -1)))
(2, 22, ((0, 1, 2), (1, 1, 1)))
(3, 9, ((0, 2, 1), (1, 1, -1)))
(3, 11, ((1, 2, 0), (1, -1, -1)))
(3, 15, ((2, 1, 0), (-1, 1, 1)))
(4, 14, ((2, 1, 0), (1, -1, 1)))
(4, 21, ((0, 1, 2), (-1, 1, -1)))
(4, 22, ((0, 2, 1), (1, 1, -1)))
(5, 5, ((1, 0, 2), (1, 1, -1)))
(5, 7, ((0, 2, 1), (1, 1, -1)))
(5, 17, ((0, 2, 1), (1, 1, -1)))
(6, 8, ((2, 1, 0), (-1, 1, 1)))
(6, 21, ((1, 2, 0), (1, -1, -1)))
(6, 22, ((2, 1, 0), (1, -1, 1)))
(7, 5, ((0, 2, 1), (1, -1, 1)))
(7, 7, ((2, 1, 0), (1, -1, 1)))
(7, 10, ((2, 0, 1), (-1, 1, -1)))
(7, 13, ((1, 0, 2), (1, -1, 1)))
(7, 17, ((2, 1, 0), (1, -1, 1)))
(7, 18, ((0, 1, 2), (-1, 1, -1)))
(7, 23, ((1, 2, 0), (-1, 1, -1)))
(8, 6, ((2, 1, 0), (1, 1, -1)))
(8, 9, ((2, 1, 0), (1, -1, 1)))
(8, 11, ((2, 0, 1), (-1, -1, 1)))
(9, 0, ((0, 1, 2), (1, 1, 1)))
(9, 3, ((0, 2, 1), (1, -1, 1)))
(9, 8, ((2, 1, 0), (1, -1, 1)))
(9, 12, ((2, 0, 1), (-1, 1, -1)))
(9, 14, ((1, 0, 2), (1, -1, 1)))
(9, 16, ((0, 1, 2), (-1, 1, -1)))
(9, 21, ((1, 2, 0), (-1, 1, -1)))
(10, 7, ((1, 2, 0), (1, -1, -1)))
(10, 17, ((1, 2, 0), (1, -1, -1)))
(10, 23, ((2, 1, 0), (-1, 1, 1)))
(11, 3, ((2, 0, 1), (-1, 1, -1)))
(11, 8, ((1, 2, 0), (-1, 1, -1)))
(11, 12, ((0, 2, 1), (1, -1, 1)))
(11, 14, ((0, 1, 2), (-1, 1, -1)))
(11, 16, ((1, 0, 2), (1, -1, 1)))
(11, 21, ((2, 1, 0), (1, -1, 1)))
(11, 22, ((1, 2, 0), (1, -1, -1)))
(12, 9, ((1, 2, 0), (1, -1, -1)))
(12, 11, ((0, 2, 1), (1, 1, -1)))
(12, 19, ((1, 0, 2), (1, 1, -1)))
(13, 7, ((1, 0, 2), (-1, 1, 1)))
(13, 13, ((0, 2, 1), (-1, 1, 1)))
(13, 17, ((1, 0, 2), (-1, 1, 1)))
(14, 4, ((2, 1, 0), (1, -1, 1)))
(14, 9, ((1, 0, 2), (-1, 1, 1)))
(14, 11, ((0, 1, 2), (-1, 1, -1)))
(15, 3, ((2, 1, 0), (1, 1, -1)))
(15, 21, ((2, 0, 1), (-1, -1, 1)))
(15, 22, ((1, 0, 2), (-1, 1, 1)))
(16, 9, ((0, 1, 2), (-1, 1, -1)))
(16, 11, ((1, 0, 2), (-1, 1, 1)))
(16, 20, ((0, 2, 1), (-1, 1, 1)))
(17, 1, ((0, 1, 2), (1, 1, 1)))
(17, 5, ((0, 2, 1), (1, -1, 1)))
(17, 7, ((2, 1, 0), (1, -1, 1)))
(17, 10, ((2, 0, 1), (-1, 1, -1)))
(17, 13, ((1, 0, 2), (1, -1, 1)))
(17, 18, ((0, 1, 2), (-1, 1, -1)))
(17, 23, ((1, 2, 0), (-1, 1, -1)))
(18, 7, ((0, 1, 2), (-1, 1, -1)))
(18, 17, ((0, 1, 2), (-1, 1, -1)))
(18, 18, ((2, 1, 0), (1, -1, 1)))
(19, 12, ((1, 0, 2), (1, 1, -1)))
(19, 21, ((0, 2, 1), (1, 1, -1)))
(19, 22, ((0, 1, 2), (-1, 1, -1)))
(20, 16, ((0, 2, 1), (-1, 1, 1)))
(20, 21, ((1, 0, 2), (-1, 1, 1)))
(20, 22, ((2, 0, 1), (-1, -1, 1)))
(21, 4, ((0, 1, 2), (-1, 1, -1)))
(21, 6, ((2, 0, 1), (-1, 1, -1)))
(21, 9, ((2, 0, 1), (-1, -1, 1)))
(21, 11, ((2, 1, 0), (1, -1, 1)))
(21, 15, ((1, 2, 0), (-1, 1, -1)))
(21, 19, ((0, 2, 1), (1, -1, 1)))
(21, 20, ((1, 0, 2), (1, -1, 1)))
(22, 2, ((0, 1, 2), (1, 1, 1)))
(22, 4, ((0, 2, 1), (1, -1, 1)))
(22, 6, ((2, 1, 0), (1, -1, 1)))
(22, 11, ((2, 0, 1), (-1, 1, -1)))
(22, 15, ((1, 0, 2), (1, -1, 1)))
(22, 19, ((0, 1, 2), (-1, 1, -1)))
(22, 20, ((1, 2, 0), (-1, 1, -1)))
(23, 7, ((2, 0, 1), (-1, -1, 1)))
(23, 10, ((2, 1, 0), (1, 1, -1)))
(23, 17, ((2, 0, 1), (-1, -1, 1)))
